001 11798.458560613884 316.2253136186763 792.4283135445327 33279924.852018613 -71.66537347243244 11401.378861243376 -3151.981856585006 31647452.716000564 -0.028727350015344627 0.307653967805367 0.9510645485216606 64999.853226598854 
005 11798.458560613884 538.6209370746308 661.6861546270324 33279924.852018613 -71.66537347243244 9938.07741461143 -6415.687559649279 31647452.716000564 -0.028727350015344627 0.5778566932648426 0.8156325038950554 64999.853226598854 
009 11798.458560613884 693.398536747853 497.13132099697646 33279924.852018613 -71.66537347243244 7905.922629159241 -8799.023635813019 31647452.716000564 -0.028727350015344627 0.7716618774947847 0.6353838888281004 64999.853226598854 
013 11798.458560613884 817.5175099132301 244.1438143093821 33279924.852018613 -71.66537347243244 4608.454575061543 -10894.428667509033 31647452.716000564 -0.028727350015344627 0.9365474863667331 0.34936162516975117 64999.853226598854 
017 11798.458560613884 853.1273255101294 10.716694835446614 33279924.852018613 -71.66537347243244 1445.8600681983805 -11740.354263182937 31647452.716000564 -0.028727350015344627 0.9964384086939646 0.07927948688365413 64999.853226598854 
021 11798.458560613884 814.5010703231164 -254.0257615336684 33279924.852018613 -71.66537347243244 -2261.2432756568346 -11610.909026004172 31647452.716000564 -0.028727350015344627 0.9720001156568197 -0.23321774058639957 64999.853226598854 
025 11798.458560613884 717.0257843178674 -462.4014551270458 33279924.852018613 -71.66537347243244 -5281.1238785823825 -10584.71351246293 31647452.716000564 -0.028727350015344627 0.874358943418323 -0.4844287124288668 64999.853226598854 
029 11798.458560613884 525.6590449225354 -672.0295005216589 33279924.852018613 -71.66537347243244 -8461.134379145356 -8266.53703674597 31647452.716000564 -0.028727350015344627 0.6670598337375035 -0.7444500772887259 64999.853226598854 
033 11798.458560613884 304.0127416468678 -797.1934106580518 33279924.852018613 -71.66537347243244 -10523.248417941824 -5402.561642048452 31647452.716000564 -0.028727350015344627 0.41775613446686855 -0.9081049231649366 64999.853226598854 
037 11798.458560613884 58.74672110000439 -851.1697268114397 33279924.852018613 -71.66537347243244 -11640.291478976867 -2104.7669339636877 31647452.716000564 -0.028727350015344627 0.1352717892961185 -0.9903919842071232 64999.853226598854 
041 11798.458560613884 -168.59405217848075 -836.3714047301606 33279924.852018613 -71.66537347243244 -11782.298036408709 1050.6581475855198 31647452.716000564 -0.028727350015344627 -0.13163974734234413 -0.9908812826371985 64999.853226598854 
045 11798.458560613884 -423.0301440695205 -740.9362849049729 33279924.852018613 -71.66537347243244 -10854.306021205457 4702.177193585047 31647452.716000564 -0.028727350015344627 -0.4365341328644438 -0.8992289420416717 64999.853226598854 
049 11798.458560613884 -623.0377622151077 -582.8936677767682 33279924.852018613 -71.66537347243244 -8980.718996833053 7698.903549322481 31647452.716000564 -0.028727350015344627 -0.6827021341178251 -0.7301318616743575 64999.853226598854 
053 11798.458560613884 -762.7850946557311 -382.23027150045266 33279924.852018613 -71.66537347243244 -6428.093138324412 9930.057812866698 31647452.716000564 -0.028727350015344627 -0.8617627212468987 -0.5064975336862322 64999.853226598854 
057 11798.458560613884 -840.167914766305 -148.5225776691925 33279924.852018613 -71.66537347243244 -3325.196791236841 11352.070113481353 31647452.716000564 -0.028727350015344627 -0.9705068231082083 -0.23935589748637615 64999.853226598854 
061 11798.458560613884 -846.4686629100877 106.91998780148978 33279924.852018613 -71.66537347243244 185.38387427920657 11827.597489811935 31647452.716000564 -0.028727350015344627 -0.9978590140677712 0.058754807503653 64999.853226598854 
065 11798.458560613884 -765.7879707680762 376.1779697259989 33279924.852018613 -71.66537347243244 4018.707068963838 11125.485295289747 31647452.716000564 -0.028727350015344627 -0.9246138222134258 0.3798210356641339 64999.853226598854 
069 11798.458560613884 -619.581155579782 586.5665117705615 33279924.852018613 -71.66537347243244 7140.479289225474 9430.799811362262 31647452.716000564 -0.028727350015344627 -0.7701646373873589 0.6371979054258526 64999.853226598854 
073 11798.458560613884 -435.1248925280297 733.8987729808061 33279924.852018613 -71.66537347243244 9451.497029566048 7113.060766080416 31647452.716000564 -0.028727350015344627 -0.5660693733925257 0.8238569073984201 64999.853226598854 
077 11798.458560613884 -193.36585641053668 830.9938186622583 33279924.852018613 -71.66537347243244 11157.408372071806 3929.207042224974 31647452.716000564 -0.028727350015344627 -0.2910583529549941 0.9562739014195786 64999.853226598854 
081 11798.458560613884 43.96555275843159 852.06109596138 33279924.852018613 -71.66537347243244 11808.869159533371 690.6799076778943 31647452.716000564 -0.028727350015344627 -0.015274367025330832 0.9994705763918573 64999.853226598854 
