001 11808.06611857682 227.46350191843442 670.3733155611642 33279928.044597458 -36.059768068277236 11476.320235189305 -2867.8108445493162 31682509.096405715 -0.01653764566940874 0.2841173400768951 0.9586468814654033 64999.85946210441 
005 11808.06611857682 411.4529252762512 576.0612095976272 33279928.044597458 -36.059768068277236 10158.264042051502 -6061.347773613856 31682509.096405715 -0.01653764566940874 0.5489812489695692 0.8356710444639834 64999.85946210441 
009 11808.06611857682 577.7090105834019 409.1360727340143 33279928.044597458 -36.059768068277236 7606.602466841673 -9059.24191597555 31682509.096405715 -0.01653764566940874 0.7928154698153602 0.6092373405308993 64999.85946210441 
013 11808.06611857682 664.3207359041978 244.57715913218615 33279928.044597458 -36.059768068277236 4985.014998077883 -10727.529568808875 31682509.096405715 -0.01653764566940874 0.9241143515722776 0.3817580012178683 64999.85946210441 
017 11808.06611857682 707.7646432615121 14.465015394745738 33279928.044597458 -36.059768068277236 1212.4774295554034 -11766.909690464565 31682509.096405715 -0.01653764566940874 0.9980982062885142 0.059384146700645166 64999.85946210441 
021 11808.06611857682 681.2281039988376 -192.5312889989953 33279928.044597458 -36.059768068277236 -2271.165924820991 -11609.137372029938 31682509.096405715 -0.01653764566940874 0.9720433009156307 -0.23421854627837985 64999.85946210441 
025 11808.06611857682 603.6773629388375 -369.7481147980024 33279928.044597458 -36.059768068277236 -5328.906154521568 -10560.919674774177 31682509.096405715 -0.01653764566940874 0.8723505079484289 -0.4886011640979082 64999.85946210441 
029 11808.06611857682 459.67973462580966 -538.3628595063101 33279928.044597458 -36.059768068277236 -8334.606513684073 -8394.319474667687 31682509.096405715 -0.01653764566940874 0.6784051185600135 -0.7345018729637707 64999.85946210441 
033 11808.06611857682 275.5076772690338 -652.1008715584481 33279928.044597458 -36.059768068277236 -10481.56604054467 -5483.341911501674 31682509.096405715 -0.01653764566940874 0.42473857624281586 -0.9051649839266535 64999.85946210441 
037 11808.06611857682 68.35198648027587 -704.6048771231051 33279928.044597458 -36.059768068277236 -11640.315133027592 -2105.547146121175 31682509.096405715 -0.01653764566940874 0.13526286410356372 -0.9906717235644783 64999.85946210441 
041 11808.06611857682 -135.82860327508484 -694.7593953692209 33279928.044597458 -36.059768068277236 -11756.642257718036 1308.2920181552483 31682509.096405715 -0.01653764566940874 -0.15344690535386624 -0.9880184985682378 64999.85946210441 
045 11808.06611857682 -320.6877287976427 -631.1096636243778 33279928.044597458 -36.059768068277236 -10950.416146649724 4474.2207585146225 31682509.096405715 -0.01653764566940874 -0.41785000394017435 -0.9083654993904764 64999.85946210441 
049 11808.06611857682 -501.47026137228863 -499.66749331998193 33279928.044597458 -36.059768068277236 -9009.611743962958 7665.322002615083 31682509.096405715 -0.01653764566940874 -0.680232269111222 -0.7328100479220457 64999.85946210441 
053 11808.06611857682 -631.0934498520769 -320.7196353129473 33279928.044597458 -36.059768068277236 -6207.441824958109 10069.653974714867 31682509.096405715 -0.01653764566940874 -0.8730270805801323 -0.4873912420729822 64999.85946210441 
057 11808.06611857682 -697.1886460968494 -122.75185813301499 33279928.044597458 -36.059768068277236 -3001.3153946430434 11442.131404708165 31682509.096405715 -0.01653764566940874 -0.9772096931473023 -0.21163109860006007 64999.85946210441 
061 11808.06611857682 -704.3557393716734 70.8732624876912 33279928.044597458 -36.059768068277236 213.3841266350198 11827.28761784503 31682509.096405715 -0.01653764566940874 -0.9979857715829932 0.06124464052969057 64999.85946210441 
065 11808.06611857682 -644.5414528804308 292.7564558472607 33279928.044597458 -36.059768068277236 3990.628493606554 11135.7599384481 31682509.096405715 -0.01653764566940874 -0.9257844041163441 0.3776900096251671 64999.85946210441 
069 11808.06611857682 -540.7123619770398 456.913742982936 33279928.044597458 -36.059768068277236 6866.955160291089 9631.9879571811 31682509.096405715 -0.01653764566940874 -0.7882849447846632 0.6150880848313952 64999.85946210441 
073 11808.06611857682 -364.85473404316326 606.6473851981548 33279928.044597458 -36.059768068277236 9601.954688360456 6908.8878514130465 31682509.096405715 -0.01653764566940874 -0.5483347664005849 0.8360953834534246 64999.85946210441 
077 11808.06611857682 -170.50748778623117 687.0714835665165 33279928.044597458 -36.059768068277236 11208.088568075744 3782.7259788279666 31682509.096405715 -0.01653764566940874 -0.278473354720288 0.9603015656482821 64999.85946210441 
081 11808.06611857682 36.900547114410976 706.9500523687108 33279928.044597458 -36.059768068277236 11823.855983436324 355.9422195908134 31682509.096405715 -0.01653764566940874 0.01315483863104048 0.9997767033174481 64999.85946210441 
