viff 3.9927189227178324 39.41764131088952 -0.7634448453103126 3.959175508913229 -14.431305831099216 -0.9412981879261473 -27.450409995506007 -14.429433437768129 0.012249216799916151 -0.0001458677528539708 -0.0005697825265039116 0.012249358697517865 
viff 10.806024466773108 38.11717128847392 -0.7656285850494414 3.959175508913228 -14.379199443721493 1.5898370538577535 -27.447853844891917 -14.429433437768127 0.012035943339264403 -0.0022799608720032263 -0.0005719161619774359 0.012249358697517865 
viff 17.321406789857086 35.63218863241401 -0.7688296469076855 3.9591755089132286 -13.880685463789382 4.085190356574543 -27.446519451409223 -14.429433437768127 0.01144972448717132 -0.0043548530376934505 -0.0005729798671345477 0.012249358697517865 
viff 23.223071212893192 32.099463819397045 -0.7671276880132912 3.959175508913228 -12.960856997735746 6.42275909608857 -27.448824941489647 -14.429433437768127 0.010524101095072421 -0.006269484862896928 -0.0005710494153588849 0.012249358697517865 
viff 28.62325780961609 27.393017972758216 -0.7789593378356475 3.959175508913229 -11.603082037085432 8.650845567255748 -27.44458047416364 -14.429433437768129 0.00922292084035685 -0.00806207460035519 -0.0005743918967036552 0.012249358697517865 
viff 33.09503710392244 21.7799788900607 -0.7912885567936363 3.9591755089132294 -9.860638094020862 10.59946809775167 -27.442535079948 -14.42943343776813 0.007617055800771968 -0.009593649558523324 -0.0005758392278676944 0.012249358697517865 
viff 36.41007638629294 15.61886533167175 -0.7952875184611903 3.9591755089132286 -7.843719765519519 12.164619730918542 -27.443974315554833 -14.429433437768127 0.0058107454014956214 -0.010783988919828598 -0.0005745107450617271 0.012249358697517865 
viff 38.57599263441335 9.029526822308956 -0.7972054794688044 3.959175508913229 -5.6024064253307335 13.341929165466968 -27.445939728487392 -14.429433437768127 0.0038409780225488674 -0.011632198812099108 -0.0005727830010366743 0.012249358697517865 
viff 39.54681006295995 2.388552508868984 -0.7872291268431261 3.9591755089132286 -3.2628419451791513 14.091946409429996 -27.44894438817675 -14.429433437768127 0.001822601191477464 -0.012113708937487503 -0.0005704580745682726 0.012249358697517865 
viff 39.37519626382112 -4.388162555292496 -0.782973508811457 3.959175508913228 -0.8101352587433032 14.43903465148958 -27.450530020134604 -14.429433437768127 -0.00026908492120311596 -0.01224715640536706 -0.0005692056112141191 0.012249358697517865 
viff 38.141168399795774 -10.721182798532496 -0.7632898797149144 3.959175508913229 1.55778602090522 14.376758396882748 -27.45097010856669 -14.42943343776813 -0.00225312139113104 -0.01204112017950766 -0.0005693070873097414 0.012249358697517865 
viff 35.6958408820711 -17.190096893938424 -0.7632898797149099 3.9591755089132286 4.033982146778293 13.88685952001891 -27.450970108566686 -14.429433437768127 -0.004312587968919653 -0.011465893606293766 -0.0005693070873097395 0.012249358697517865 
viff 32.13472568237179 -23.17438009569715 -0.7632898797149134 3.959175508913228 6.403054064845149 12.966062545427425 -27.45097010856669 -14.429433437768125 -0.0062534810205526125 -0.01053371284524631 -0.0005693070873097363 0.012249358697517865 
viff 27.644203527264686 -28.381164508249054 -0.7632898797149351 3.959175508913229 8.548330312041902 11.663787042187106 -27.450970108566676 -14.429433437768127 -0.007980481460619688 -0.009293925265313054 -0.0005693070873097424 0.012249358697517865 
viff 22.325272035701307 -32.73033327103565 -0.7632898797149233 3.959175508913229 10.43487643586093 10.011554977004343 -27.45097010856669 -14.429433437768129 -0.009466138774561924 -0.007775432327610735 -0.0005693070873097406 0.012249358697517865 
viff 16.296141247175324 -36.11271615308437 -0.7632898797149198 3.959175508913228 12.016260890426134 8.04533116176589 -27.450970108566683 -14.429433437768127 -0.010673581623428645 -0.006011637589586152 -0.0005693070873097402 0.012249358697517865 
viff 9.762450741990959 -38.39774788983502 -0.7632898797149069 3.9591755089132286 13.23307471752323 5.8312616824932055 -27.45097010856668 -14.429433437768127 -0.011556945778344964 -0.004062282050389078 -0.0005693070873097416 0.012249358697517865 
viff 2.941684819312387 -39.5099858001108 -0.7632898797149018 3.959175508913229 14.04503688047135 3.443082676246019 -27.450970108566686 -14.429433437768127 -0.012087017455718843 -0.0019922701136308664 -0.0005693070873097407 0.012249358697517865 
viff -3.982071826512313 -39.41872133225057 -0.7632898797147769 3.959175508913228 14.42998487794562 0.9452067030690243 -27.450970108566686 -14.429433437768127 -0.012249277966222808 0.00014254994467635597 -0.0005693070873097397 0.012249358697517865 
viff -10.772804523454587 -38.12662023049731 -0.7632898797148205 3.9591755089132286 14.374636455473349 -1.577246354328471 -27.450970108566693 -14.429433437768129 -0.012038059105390604 0.002269419343277261 -0.0005693070873097422 0.012249358697517863 
viff -17.228598240881617 -35.67727414132729 -0.7632898797149447 3.959175508913228 13.882499275461313 -4.04896198501322 -27.45097010856668 -14.429433437768127 -0.011461234189839815 0.004324955725341668 -0.0005693070873097408 0.012249358697517865 
viff -23.160881699862326 -32.14445591989559 -0.7632898797149407 3.959175508913229 12.968750638168153 -6.397607847803657 -27.45097010856668 -14.429433437768129 -0.010536338332918145 0.006249056385951275 -0.0005693070873097389 0.012249358697517865 
viff -28.39410326436489 -27.63091361706509 -0.7632898797149331 3.959175508913229 11.659783791292323 -8.553789875229736 -27.450970108566683 -14.429433437768129 -0.009290188117336265 0.007984831615320565 -0.0005693070873097414 0.012249358697517865 
viff -32.765850015725206 -22.273112944717244 -0.7632898797149006 3.9591755089132286 9.994922277047241 -10.450808962231154 -27.45097010856669 -14.429433437768129 -0.007760345407114453 0.009478510977088985 -0.000569307087309742 0.012249358697517865 
viff -36.13907277771212 -16.237607775419274 -0.7632898797149122 3.9591755089132286 8.02585110392382 -12.029280666229017 -27.45097010856669 -14.429433437768125 -0.005994335694136163 0.010683308044165158 -0.0005693070873097424 0.012249358697517865 
viff -38.416098032156576 -9.6899896534963 -0.7632898797149189 3.9591755089132286 5.806284916161188 -13.244052807265044 -27.450970108566697 -14.429433437768125 -0.004040470727378413 0.011564589377998556 -0.0005693070873097368 0.012249358697517865 
viff -39.51577002054198 -2.862936811172232 -0.7632898797148971 3.959175508913229 3.4150845191506725 -14.051870943626096 -27.450970108566676 -14.429433437768127 -0.0019681771092754487 0.012090963983365552 -0.0005693070873097381 0.012249358697517865 
viff -39.41362045299117 4.032246308038029 -0.7632898797149188 3.9591755089132294 0.9268374174495523 -14.431176379314387 -27.450970108566686 -14.429433437768127 0.0001581424377028801 0.012249086584309713 -0.0005693070873097413 0.012249358697517865 
viff -38.12411478832377 10.781667733140429 -0.7632898797149094 3.959175508913228 -1.5805880608803282 -14.374269396079535 -27.450970108566686 -14.429433437768125 0.0022722178344012976 0.012037531195953244 -0.0005693070873097402 0.012249358697517865 
viff -35.68646616334118 17.20955026355528 -0.7632898797149208 3.959175508913229 -4.041550543374205 -13.884658746062787 -27.450970108566686 -14.429433437768127 0.004318836783108363 0.01146354133858246 -0.000569307087309742 0.012249358697517865 
viff -32.20137285114034 23.081682651032423 -0.7632898797149253 3.9591755089132286 -6.365663747547641 -12.984460109778293 -27.45097010856668 -14.429433437768125 0.006223100519390536 0.01055168949060197 -0.0005693070873097441 0.012249358697517865 
viff -27.740512392112286 28.28703695554192 -0.7632898797148971 3.959175508913228 -8.508635315737832 -11.69277573346231 -27.45097010856668 -14.429433437768129 0.007948844986630902 0.009320997508798704 -0.0005693070873097407 0.012249358697517865 
viff -22.43843467045032 32.65285802255391 -0.7632898797149532 3.9591755089132286 -10.400158819158442 -10.04761542981951 -27.45097010856668 -14.429433437768127 0.009439167323241883 0.007808152881723146 -0.0005693070873097427 0.012249358697517865 
viff -16.448363011716317 36.04363802026554 -0.7632898797149171 3.959175508913228 -11.982209064587655 -8.095958573373467 -27.450970108566683 -14.429433437768127 0.010648122310907771 0.006056618068895125 -0.0005693070873097396 0.012249358697517865 
viff -9.994135646908084 38.33809776413446 -0.7632898797148999 3.959175508913229 -13.197621673782946 -5.911062632468091 -27.45097010856668 -14.429433437768129 0.011532205188618128 0.004131994030504872 -0.0005693070873097428 0.012249358697517865 
viff -3.2271742811940176 39.48769217946181 -0.7632898797149066 3.959175508913229 -14.019784455396081 -3.544506046475371 -27.450970108566686 -14.429433437768125 0.012072302211457754 0.002079579403569644 -0.0005693070873097394 0.012249358697517865 
