viff 3.9871641413481513 39.41824951560346 -0.7610691014480774 3.959175508913229 -14.414814733540878 -0.9434967598056431 -27.458997965195604 -14.429433437768129 0.012249575988885535 -0.00014400052232685834 -0.0005624888285721385 0.012249358697517865 
viff 10.850018728808724 38.10460825023538 -0.7687799569437558 3.959175508913228 -14.385332955458258 1.6065238473398837 -27.44366805074027 -14.429433437768127 0.012033122991818588 -0.0022939237459203396 -0.0005754186752700583 0.012249358697517865 
viff 17.21970713949216 35.68158681515896 -0.7623301935527949 3.9591755089132286 -13.881983393791497 4.045486211753982 -27.451743433809334 -14.429433437768127 0.011462348431647054 -0.004322085861526969 -0.0005686686005811789 0.012249358697517865 
viff 23.164951576937735 32.14152291672161 -0.7632967794996016 3.959175508913228 -12.967948613840662 6.3992499639216724 -27.450966245994415 -14.429433437768127 0.010535546792428529 -0.006250390499161386 -0.0005693102253797592 0.012249358697517865 
viff 28.556921479437005 27.462305496069106 -0.7740228675218294 3.959175508913229 -11.61927423891566 8.622706104039425 -27.44658530300116 -14.429433437768129 0.009242531046443738 -0.008039699269533209 -0.0005727977401934136 0.012249358697517865 
viff 33.05920871318055 21.834441678365355 -0.7880195391196465 3.9591755089132294 -9.875364961441415 10.583220043781537 -27.443510336214707 -14.42943343776813 0.007632898660439471 -0.009581094732582554 -0.0005750856500731707 0.012249358697517865 
viff 36.30731338882543 15.85691084724109 -0.7826057819047958 3.9591755089132286 -7.913621586321371 12.113036960171392 -27.44672235770089 -14.429433437768127 0.005881424436080255 -0.010745713775386294 -0.0005724716589763862 0.012249358697517865 
viff 38.522303988376486 9.256855850538772 -0.786011533670974 3.959175508913229 -5.673017358777579 13.30868289098361 -27.447576813717745 -14.429433437768127 0.003909673295103628 -0.011609345544136385 -0.0005716576795373918 0.012249358697517865 
viff 39.53763805719 2.538026636621854 -0.7801900999393346 3.9591755089132286 -3.3112013102422475 14.079521091876778 -27.44952952050607 -14.429433437768127 0.0018684807301610673 -0.012106732581657556 -0.0005701295444265305 0.012249358697517865 
viff 39.3766876587018 -4.374869998452768 -0.7823557165917675 3.959175508913228 -0.8145788638900436 14.43876041544915 -27.45054276568042 -14.429433437768127 -0.0002649415720997063 -0.012247246543877564 -0.000569209800541361 0.012249358697517865 
viff 38.141168399795774 -10.721182798532496 -0.7632898797149144 3.959175508913229 1.55778602090522 14.376758396882748 -27.45097010856669 -14.42943343776813 -0.00225312139113104 -0.01204112017950766 -0.0005693070873097414 0.012249358697517865 
viff 35.6958408820711 -17.190096893938424 -0.7632898797149099 3.9591755089132286 4.033982146778293 13.88685952001891 -27.450970108566686 -14.429433437768127 -0.004312587968919653 -0.011465893606293766 -0.0005693070873097395 0.012249358697517865 
viff 32.13472568237179 -23.17438009569715 -0.7632898797149134 3.959175508913228 6.403054064845149 12.966062545427425 -27.45097010856669 -14.429433437768125 -0.0062534810205526125 -0.01053371284524631 -0.0005693070873097363 0.012249358697517865 
viff 27.644203527264686 -28.381164508249054 -0.7632898797149351 3.959175508913229 8.548330312041902 11.663787042187106 -27.450970108566676 -14.429433437768127 -0.007980481460619688 -0.009293925265313054 -0.0005693070873097424 0.012249358697517865 
viff 22.325272035701307 -32.73033327103565 -0.7632898797149233 3.959175508913229 10.43487643586093 10.011554977004343 -27.45097010856669 -14.429433437768129 -0.009466138774561924 -0.007775432327610735 -0.0005693070873097406 0.012249358697517865 
viff 16.296141247175324 -36.11271615308437 -0.7632898797149198 3.959175508913228 12.016260890426134 8.04533116176589 -27.450970108566683 -14.429433437768127 -0.010673581623428645 -0.006011637589586152 -0.0005693070873097402 0.012249358697517865 
viff 9.762450741990959 -38.39774788983502 -0.7632898797149069 3.9591755089132286 13.23307471752323 5.8312616824932055 -27.45097010856668 -14.429433437768127 -0.011556945778344964 -0.004062282050389078 -0.0005693070873097416 0.012249358697517865 
viff 2.941684819312387 -39.5099858001108 -0.7632898797149018 3.959175508913229 14.04503688047135 3.443082676246019 -27.450970108566686 -14.429433437768127 -0.012087017455718843 -0.0019922701136308664 -0.0005693070873097407 0.012249358697517865 
viff -3.982071826512313 -39.41872133225057 -0.7632898797147769 3.959175508913228 14.42998487794562 0.9452067030690243 -27.450970108566686 -14.429433437768127 -0.012249277966222808 0.00014254994467635597 -0.0005693070873097397 0.012249358697517865 
viff -10.772804523454587 -38.12662023049731 -0.7632898797148205 3.9591755089132286 14.374636455473349 -1.577246354328471 -27.450970108566693 -14.429433437768129 -0.012038059105390604 0.002269419343277261 -0.0005693070873097422 0.012249358697517863 
viff -17.228598240881617 -35.67727414132729 -0.7632898797149447 3.959175508913228 13.882499275461313 -4.04896198501322 -27.45097010856668 -14.429433437768127 -0.011461234189839815 0.004324955725341668 -0.0005693070873097408 0.012249358697517865 
viff -23.160881699862326 -32.14445591989559 -0.7632898797149407 3.959175508913229 12.968750638168153 -6.397607847803657 -27.45097010856668 -14.429433437768129 -0.010536338332918145 0.006249056385951275 -0.0005693070873097389 0.012249358697517865 
viff -28.39410326436489 -27.63091361706509 -0.7632898797149331 3.959175508913229 11.659783791292323 -8.553789875229736 -27.450970108566683 -14.429433437768129 -0.009290188117336265 0.007984831615320565 -0.0005693070873097414 0.012249358697517865 
viff -32.765850015725206 -22.273112944717244 -0.7632898797149006 3.9591755089132286 9.994922277047241 -10.450808962231154 -27.45097010856669 -14.429433437768129 -0.007760345407114453 0.009478510977088985 -0.000569307087309742 0.012249358697517865 
viff -36.13907277771212 -16.237607775419274 -0.7632898797149122 3.9591755089132286 8.02585110392382 -12.029280666229017 -27.45097010856669 -14.429433437768125 -0.005994335694136163 0.010683308044165158 -0.0005693070873097424 0.012249358697517865 
viff -38.416098032156576 -9.6899896534963 -0.7632898797149189 3.9591755089132286 5.806284916161188 -13.244052807265044 -27.450970108566697 -14.429433437768125 -0.004040470727378413 0.011564589377998556 -0.0005693070873097368 0.012249358697517865 
viff -39.51577002054198 -2.862936811172232 -0.7632898797148971 3.959175508913229 3.4150845191506725 -14.051870943626096 -27.450970108566676 -14.429433437768127 -0.0019681771092754487 0.012090963983365552 -0.0005693070873097381 0.012249358697517865 
viff -39.41362045299117 4.032246308038029 -0.7632898797149188 3.9591755089132294 0.9268374174495523 -14.431176379314387 -27.450970108566686 -14.429433437768127 0.0001581424377028801 0.012249086584309713 -0.0005693070873097413 0.012249358697517865 
viff -38.12411478832377 10.781667733140429 -0.7632898797149094 3.959175508913228 -1.5805880608803282 -14.374269396079535 -27.450970108566686 -14.429433437768125 0.0022722178344012976 0.012037531195953244 -0.0005693070873097402 0.012249358697517865 
viff -35.68646616334118 17.20955026355528 -0.7632898797149208 3.959175508913229 -4.041550543374205 -13.884658746062787 -27.450970108566686 -14.429433437768127 0.004318836783108363 0.01146354133858246 -0.000569307087309742 0.012249358697517865 
viff -32.20137285114034 23.081682651032423 -0.7632898797149253 3.9591755089132286 -6.365663747547641 -12.984460109778293 -27.45097010856668 -14.429433437768125 0.006223100519390536 0.01055168949060197 -0.0005693070873097441 0.012249358697517865 
viff -27.740512392112286 28.28703695554192 -0.7632898797148971 3.959175508913228 -8.508635315737832 -11.69277573346231 -27.45097010856668 -14.429433437768129 0.007948844986630902 0.009320997508798704 -0.0005693070873097407 0.012249358697517865 
viff -22.43843467045032 32.65285802255391 -0.7632898797149532 3.9591755089132286 -10.400158819158442 -10.04761542981951 -27.45097010856668 -14.429433437768127 0.009439167323241883 0.007808152881723146 -0.0005693070873097427 0.012249358697517865 
viff -16.448363011716317 36.04363802026554 -0.7632898797149171 3.959175508913228 -11.982209064587655 -8.095958573373467 -27.450970108566683 -14.429433437768127 0.010648122310907771 0.006056618068895125 -0.0005693070873097396 0.012249358697517865 
viff -9.994135646908084 38.33809776413446 -0.7632898797148999 3.959175508913229 -13.197621673782946 -5.911062632468091 -27.45097010856668 -14.429433437768129 0.011532205188618128 0.004131994030504872 -0.0005693070873097428 0.012249358697517865 
viff -3.2271742811940176 39.48769217946181 -0.7632898797149066 3.959175508913229 -14.019784455396081 -3.544506046475371 -27.450970108566686 -14.429433437768125 0.012072302211457754 0.002079579403569644 -0.0005693070873097394 0.012249358697517865 
