001 11826.366782630883 108.13405034740259 238.58172068203336 33279932.905525904 -26.534151706630475 11494.16522561589 -2795.537013283665 31737413.91145709 0.021377020841471837 0.2781515153694072 0.960299306194504 64999.86895610528 
005 11826.366782630883 178.6950060075376 191.5262517674809 33279932.905525904 -26.534151706630475 9998.479594857827 -6321.492483394109 31737413.91145709 0.021377020841471837 0.5703959216398136 0.8210916608738704 64999.86895610528 
009 11826.366782630883 226.68717377224513 131.25218297341314 33279932.905525904 -26.534151706630475 7726.80835239059 -8956.96902483332 31737413.91145709 0.021377020841471837 0.784608014114425 0.619623504369679 64999.86895610528 
013 11826.366782630883 253.91296395173725 64.36161142620787 33279932.905525904 -26.534151706630475 4987.2330738839655 -10726.5263572675 31737413.91145709 0.021377020841471837 0.923990059672882 0.38181853360680046 64999.86895610528 
017 11826.366782630883 260.97875123894147 -22.456662483483644 33279932.905525904 -26.534151706630475 1194.1912105534702 -11768.804900202627 31737413.91145709 0.021377020841471837 0.9981036006777464 0.057725430219800415 64999.86895610528 
021 11826.366782630883 244.97799767098093 -92.73613613501078 33279932.905525904 -26.534151706630475 -2058.601376855851 -11648.73477239497 31737413.91145709 0.021377020841471837 0.9760501806865397 -0.21649265059515665 64999.86895610528 
025 11826.366782630883 206.29173061418393 -161.42469503870637 33279932.905525904 -26.534151706630475 -5431.222797148095 -10508.695463954378 31737413.91145709 0.021377020841471837 0.8674341093437521 -0.49709263616247107 64999.86895610528 
029 11826.366782630883 151.71321455596447 -213.5352683217231 33279932.905525904 -26.534151706630475 -8201.63529150285 -8524.320499111436 31737413.91145709 0.021377020841471837 0.6897302812117184 -0.7237507596953161 64999.86895610528 
033 11826.366782630883 80.28119634025427 -249.33740153116202 33279932.905525904 -26.534151706630475 -10389.868038886278 -5655.219143492665 31737413.91145709 0.021377020841471837 0.43945483392464574 -0.8980102849746239 64999.86895610528 
037 11826.366782630883 3.606713546942345 -261.91831151243446 33279932.905525904 -26.534151706630475 -11591.720054584759 -2358.577453155617 31737413.91145709 0.021377020841471837 0.15669203615591082 -0.9874161375961292 64999.86895610528 
041 11826.366782630883 -74.8580064710099 -251.01890198811844 33279932.905525904 -26.534151706630475 -11766.716622293394 1214.5951412058473 31737413.91145709 0.021377020841471837 -0.1456589838676619 -0.9891038789725695 64999.86895610528 
045 11826.366782630883 -143.20646705468607 -219.33106957713375 33279932.905525904 -26.534151706630475 -10934.3612291327 4513.380765815812 31737413.91145709 0.021377020841471837 -0.4211515015800617 -0.9067383501853236 64999.86895610528 
049 11826.366782630883 -206.34508140405313 -161.35649248942255 33279932.905525904 -26.534151706630475 -8891.863433527858 7801.642526153495 31737413.91145709 0.021377020841471837 -0.6913226540440952 -0.7222298879064557 64999.86895610528 
053 11826.366782630883 -244.65306437298338 -93.59000150145974 33279932.905525904 -26.534151706630475 -6206.445091111531 10070.297947797479 31737413.91145709 0.021377020841471837 -0.8730457059213554 -0.48716959916668173 64999.86895610528 
057 11826.366782630883 -260.86201142628727 -23.774382910309015 33279932.905525904 -26.534151706630475 -3244.6026800548925 11375.562178414617 31737413.91145709 0.021377020841471837 -0.9724098054596738 -0.23229763930316374 64999.86895610528 
061 11826.366782630883 -256.69389812710335 52.17713055014315 33279932.905525904 -26.534151706630475 160.55002603081584 11828.148000238161 31737413.91145709 0.021377020841471837 -0.9981519660184413 0.05688300021503508 64999.86895610528 
065 11826.366782630883 -227.94223770164638 129.060243916167 33279932.905525904 -26.534151706630475 3813.3941468983867 11197.717915128851 31737413.91145709 0.021377020841471837 -0.93153960185982 0.36301100967710526 64999.86895610528 
069 11826.366782630883 -179.4972955992316 190.77455585244184 33279932.905525904 -26.534151706630475 6958.464307976393 9566.119166151713 31737413.91145709 0.021377020841471837 -0.7822509674418183 0.6225965362225223 64999.86895610528 
073 11826.366782630883 -111.49250066451228 237.03086841951222 33279932.905525904 -26.534151706630475 9581.80804703335 6936.8448141935105 31737413.91145709 0.021377020841471837 -0.5506321162501976 0.8344742629546894 64999.86895610528 
077 11826.366782630883 -36.5666546883794 259.3782759851627 33279932.905525904 -26.534151706630475 11202.34685924398 3799.774502728162 31737413.91145709 0.021377020841471837 -0.2798094866147526 0.959817521292632 64999.86895610528 
081 11826.366782630883 41.860876789158716 258.57663715536495 33279932.905525904 -26.534151706630475 11825.095540625245 313.0125899727299 31737413.91145709 0.021377020841471837 0.016885343044644046 0.9996288852220148 64999.86895610528 
