001 11824.915638546063 128.13966394667588 294.1357771432722 33279931.415523358 -32.687497241288824 11492.713851352088 -2801.432730955229 31720378.720423702 0.016393230822419676 0.27866420177355283 0.9602486785375502 64999.86604594406 
005 11824.915638546063 212.71711366200032 240.18130324267824 33279931.415523358 -32.687497241288824 10065.666173564543 -6213.924806230435 31720378.720423702 0.016393230822419676 0.5616073518782132 0.8272414667432622 64999.86604594406 
009 11824.915638546063 273.08833557589344 168.39949478674788 33279931.415523358 -32.687497241288824 7838.45546281229 -8859.40816153289 31720378.720423702 0.016393230822419676 0.776849120993954 0.629473355428269 64999.86604594406 
013 11824.915638546063 312.42550346356353 72.97899463258265 33279931.415523358 -32.687497241288824 4619.95983597181 -10889.741417000438 31720378.720423702 0.016393230822419676 0.9365132704925402 0.3502487061711562 64999.86604594406 
017 11824.915638546063 320.6249685629525 -11.63006474828854 33279931.415523358 -32.687497241288824 1597.9958107225193 -11720.789495765235 31720378.720423702 0.016393230822419676 0.9956228529185664 0.0920130247818069 64999.86604594406 
021 11824.915638546063 299.2275269117685 -115.75195899124378 33279931.415523358 -32.687497241288824 -2319.331759253298 -11599.62056300319 31720378.720423702 0.016393230822419676 0.9710423197238814 -0.2383444467330131 64999.86604594406 
025 11824.915638546063 252.94439020043166 -197.36961351275812 33279931.415523358 -32.687497241288824 -5575.959332693947 -10432.601522883479 31720378.720423702 0.016393230822419676 0.8605642949869517 -0.5090779470540967 64999.86604594406 
029 11824.915638546063 187.86804920438348 -260.0792666864913 33279931.415523358 -32.687497241288824 -8264.136086436494 -8463.719735434619 31720378.720423702 0.016393230822419676 0.684454561590342 -0.7288711923936736 64999.86604594406 
033 11824.915638546063 106.50456189092797 -302.6423750377088 33279931.415523358 -32.687497241288824 -10323.076384836688 -5776.209048152128 31720378.720423702 0.016393230822419676 0.4499645011464253 -0.8928959680115324 64999.86604594406 
037 11824.915638546063 3.048222849553781 -320.82134780825163 33279931.415523358 -32.687497241288824 -11635.425089734963 -2132.4586739943015 31720378.720423702 0.016393230822419676 0.13745876248069858 -0.9903718244177172 64999.86604594406 
041 11824.915638546063 -86.47046456356667 -308.96357006968424 33279931.415523358 -32.687497241288824 -11768.782963379219 1194.2548203806728 31720378.720423702 0.016393230822419676 -0.1439561952169859 -0.9894482684010579 64999.86604594406 
045 11824.915638546063 -171.85019050321253 -270.9301402503112 33279931.415523358 -32.687497241288824 -10925.162561363295 4535.561709745908 31720378.720423702 0.016393230822419676 -0.42302503663442087 -0.9059696906429319 64999.86604594406 
049 11824.915638546063 -250.04181735298195 -201.03412259330932 33279931.415523358 -32.687497241288824 -8878.756991828426 7816.531922482325 31720378.720423702 0.016393230822419676 -0.6925931599371429 -0.7211421335572386 64999.86604594406 
053 11824.915638546063 -297.5730749578614 -119.94121031641589 33279931.415523358 -32.687497241288824 -6232.383472211125 10054.247523829767 31720378.720423702 0.016393230822419676 -0.8718654096482489 -0.48947111195870807 64999.86604594406 
057 11824.915638546063 -318.8559225863204 -35.5883338141891 33279931.415523358 -32.687497241288824 -3302.173663103207 11358.967651764617 31720378.720423702 0.016393230822419676 -0.9713106142572037 -0.23724871467406639 64999.86604594406 
061 11824.915638546063 -313.09102373599694 70.06882136863106 33279931.415523358 -32.687497241288824 572.4142680300895 11815.364527634472 31720378.720423702 0.016393230822419676 -0.9956595496434653 0.0916150816567599 64999.86604594406 
065 11824.915638546063 -282.22444346198927 152.59420822761956 33279931.415523358 -32.687497241288824 3764.866748262403 11214.110548008499 31720378.720423702 0.016393230822419676 -0.9331929851374768 0.3590015521880202 64999.86604594406 
069 11824.915638546063 -222.38600222879936 231.25763746249794 33279931.415523358 -32.687497241288824 6999.596386629974 9536.044643320627 31720378.720423702 0.016393230822419676 -0.779639481320049 0.6260140103465798 64999.86604594406 
073 11824.915638546063 -140.43143065609019 288.46948219166524 33279931.415523358 -32.687497241288824 9594.413344800623 6919.373496512463 31720378.720423702 0.016393230822419676 -0.5491687091710816 0.835550711118464 64999.86604594406 
077 11824.915638546063 -49.30575258731436 317.02455998525136 33279931.415523358 -32.687497241288824 11205.995595822316 3788.952325054812 31720378.720423702 0.016393230822419676 -0.27891536135861617 0.9601757564016056 64999.86604594406 
081 11824.915638546063 42.09899969055107 318.0617913190748 33279931.415523358 -32.687497241288824 11819.682216556022 474.98348893057795 31720378.720423702 0.016393230822419676 0.0031827080838105495 0.9998605564539768 64999.86604594406 
