001 11810.359686960925 246.52956833207298 621.4440635725266 33279923.498409495 -47.19604385571021 11388.390437210239 -3199.046931619796 31632814.478599 -0.013147291069217476 0.3117803531928296 0.9500632400532586 64999.850582831044 
005 11810.359686960925 417.4646295251006 522.1999955065141 33279923.498409495 -47.19604385571021 9955.282865822237 -6389.184696227984 31632814.478599 -0.013147291069217476 0.5759514503733637 0.8173781716869861 64999.850582831044 
009 11810.359686960925 540.1033366763692 394.0278390197645 33279923.498409495 -47.19604385571021 7924.535575361266 -8782.429842354642 31632814.478599 -0.013147291069217476 0.7706405253586202 0.6371344672928402 64999.850582831044 
013 11810.359686960925 634.504876657055 210.64926705295773 33279923.498409495 -47.19604385571021 4870.474262086472 -10779.97302795331 31632814.478599 -0.013147291069217476 0.9281726466790071 0.37191758051271034 64999.850582831044 
017 11810.359686960925 668.3045056838592 18.402170909579944 33279923.498409495 -47.19604385571021 1549.2245967807266 -11727.28618094473 31632814.478599 -0.013147291069217476 0.9960359480467826 0.0879746493945166 64999.850582831044 
021 11810.359686960925 642.3650879142372 -185.30150037295223 33279923.498409495 -47.19604385571021 -2083.1766206184 -11644.299600592409 31632814.478599 -0.013147291069217476 0.9757528856230281 -0.21847987306815053 64999.850582831044 
025 11810.359686960925 552.9218598299954 -375.8283772331087 33279923.498409495 -47.19604385571021 -5600.126722368238 -10419.593020577378 31632814.478599 -0.013147291069217476 0.8594730143607169 -0.5110120217012946 64999.850582831044 
029 11810.359686960925 422.4533868969561 -518.1724501657952 33279923.498409495 -47.19604385571021 -8344.363378132266 -8384.56545294583 31632814.478599 -0.013147291069217476 0.6775851208982162 -0.7353268339146144 64999.850582831044 
033 11810.359686960925 243.15328514902612 -622.7728575755123 33279923.498409495 -47.19604385571021 -10513.911234497142 -5420.978562414953 31632814.478599 -0.013147291069217476 0.41938023636970617 -0.9077154653744921 64999.850582831044 
037 11810.359686960925 55.665815541149044 -666.2363463454029 33279923.498409495 -47.19604385571021 -11622.564886744685 -2201.209548056961 31632814.478599 -0.013147291069217476 0.14341776088082964 -0.9895749060083681 64999.850582831044 
041 11810.359686960925 -137.26160250329417 -654.3155238031271 33279923.498409495 -47.19604385571021 -11766.522920229074 1215.8438998372753 31632814.478599 -0.013147291069217476 -0.14567993404556825 -0.989244411434313 64999.850582831044 
045 11810.359686960925 -315.59814065995215 -589.3787965506682 33279923.498409495 -47.19604385571021 -10950.737521140027 4473.330500213865 31632814.478599 -0.013147291069217476 -0.4177947065639904 -0.9084463285767908 64999.850582831044 
049 11810.359686960925 -491.6925849740993 -452.9988455758149 33279923.498409495 -47.19604385571021 -8873.561338009944 7822.355604395829 31632814.478599 -0.013147291069217476 -0.6930301216618147 -0.7207887341010205 64999.850582831044 
053 11810.359686960925 -593.9054290494695 -306.9949406050503 33279923.498409495 -47.19604385571021 -6491.553387443987 9888.83575751019 31632814.478599 -0.013147291069217476 -0.858840054870559 -0.5120751008274824 64999.850582831044 
057 11810.359686960925 -661.051750421379 -99.9006280078545 33279923.498409495 -47.19604385571021 -2970.1610705608377 11450.21751915537 31632814.478599 -0.013147291069217476 -0.9778302745973807 -0.2089858914337338 64999.850582831044 
061 11810.359686960925 -661.8215836970155 94.66648596154332 33279923.498409495 -47.19604385571021 452.4791487008165 11820.516090299892 31632814.478599 -0.013147291069217476 -0.9965939158963937 0.08141078267547219 64999.850582831044 
065 11810.359686960925 -604.3018742186429 285.9874071132649 33279923.498409495 -47.19604385571021 3924.869344301727 11159.06531261504 31632814.478599 -0.013147291069217476 -0.928044079276632 0.3722382780654477 64999.850582831044 
069 11810.359686960925 -489.4785683726325 455.39025386519967 33279923.498409495 -47.19604385571021 7116.608222930195 9448.980126043762 31632814.478599 -0.013147291069217476 -0.771962284144792 0.6355323599908165 64999.850582831044 
073 11810.359686960925 -338.4922709924204 576.5349379612016 33279923.498409495 -47.19604385571021 9525.392228080467 7014.003202328318 31632814.478599 -0.013147291069217476 -0.5575244305957392 0.8300564185803505 64999.850582831044 
077 11810.359686960925 -169.69402695614747 646.6633509229816 33279923.498409495 -47.19604385571021 11069.03554757313 4172.024696428593 31632814.478599 -0.013147291069217476 -0.31187682771805136 0.9500315747753157 64999.850582831044 
081 11810.359686960925 52.41536884877918 666.4999484771017 33279923.498409495 -47.19604385571021 11825.377358527467 299.6470414898494 31632814.478599 -0.013147291069217476 0.01791117722519282 0.9997531387637395 64999.850582831044 
