001 11804.19238273789 229.906217725629 734.6773509283814 33279926.044931706 -26.215740103772568 11488.865902321686 -2817.2395178692577 31660462.811229173 -0.021812579311993565 0.27986982166002305 0.9597901303450379 64999.85555650724 
005 11804.19238273789 439.34623873505717 632.1254317185842 33279926.044931706 -26.215740103772568 10118.131321570116 -6128.156067042995 31660462.811229173 -0.021812579311993565 0.5544242343379628 0.831948303539662 64999.85555650724 
009 11804.19238273789 618.989923880786 457.6670766508196 33279926.044931706 -26.215740103772568 7615.889993598193 -9051.469373973765 31660462.811229173 -0.021812579311993565 0.7921150433877331 0.609981941882387 64999.85555650724 
013 11804.19238273789 721.3177404819454 268.9022056102725 33279926.044931706 -26.215740103772568 4819.667019099134 -10802.855550620965 31660462.811229173 -0.021812579311993565 0.9297772375482639 0.36747584943894906 64999.85555650724 
017 11804.19238273789 768.974227479858 35.865253209814576 33279926.044931706 -26.215740103772568 1291.7482746719138 -11758.497549323904 31660462.811229173 -0.021812579311993565 0.9975748370042439 0.06609580894212723 64999.85555650724 
021 11804.19238273789 749.969549190262 -173.64721190794717 33279926.044931706 -26.215740103772568 -1939.6938094688505 -11669.124480786139 31660462.811229173 -0.021812579311993565 0.9782179548530822 -0.20643120933330583 64999.85555650724 
025 11804.19238273789 653.2958683800842 -407.20042641623047 33279926.044931706 -26.215740103772568 -5614.74365819846 -10411.797725431199 31660462.811229173 -0.021812579311993565 0.8586211009984637 -0.5121464793435018 64999.85555650724 
029 11804.19238273789 503.2237033651688 -582.5577939462255 33279926.044931706 -26.215740103772568 -8448.79973053712 -8279.411895530384 31660462.811229173 -0.021812579311993565 0.6682104955419723 -0.7436524356386588 64999.85555650724 
033 11804.19238273789 331.5154302259914 -694.7698888395526 33279926.044931706 -26.215740103772568 -10335.320579433032 -5754.305061684007 31660462.811229173 -0.021812579311993565 0.4481027706387867 -0.8937159047088739 64999.85555650724 
037 11804.19238273789 99.18210131251972 -763.3941247450634 33279926.044931706 -26.215740103772568 -11611.848093642351 -2257.401619727565 31660462.811229173 -0.021812579311993565 0.1481687804266517 -0.9887215097744342 64999.85555650724 
041 11804.19238273789 -139.92358933820057 -756.9868348014799 33279926.044931706 -26.215740103772568 -11744.21439476104 1415.7353115825213 31660462.811229173 -0.021812579311993565 -0.162464105857083 -0.9864733274102329 64999.85555650724 
045 11804.19238273789 -340.677983659759 -690.3232506337661 33279926.044931706 -26.215740103772568 -10915.490389769539 4558.831843073722 31660462.811229173 -0.021812579311993565 -0.4248292537956551 -0.9050106720382831 64999.85555650724 
049 11804.19238273789 -529.8519811966733 -558.4483476007504 33279926.044931706 -26.215740103772568 -9075.507026286228 7587.2294309848985 31660462.811229173 -0.021812579311993565 -0.6738135389645203 -0.7385793972836412 64999.85555650724 
053 11804.19238273789 -673.5093535824983 -372.81742120364174 33279926.044931706 -26.215740103772568 -6367.211061331827 9969.428344846448 31660462.811229173 -0.021812579311993565 -0.8650611053773939 -0.5011920743058487 64999.85555650724 
057 11804.19238273789 -750.7766310316607 -170.12386432478564 33279926.044931706 -26.215740103772568 -3333.2037630771233 11349.917660334926 31660462.811229173 -0.021812579311993565 -0.9705367674976199 -0.23996373542481178 64999.85555650724 
061 11804.19238273789 -764.9703255511706 86.1863094823332 33279926.044931706 -26.215740103772568 583.9127416945955 11814.817989823661 31660462.811229173 -0.021812579311993565 -0.9954750890736372 0.09248544976152713 64999.85555650724 
065 11804.19238273789 -715.4540824597033 284.13576826544113 33279926.044931706 -26.215740103772568 3667.4529424184366 11246.362395802495 31660462.811229173 -0.021812579311993565 -0.93620641909617 0.350773077967629 64999.85555650724 
069 11804.19238273789 -599.5124370634536 482.9001105014234 33279926.044931706 -26.215740103772568 6827.560915436898 9659.983963163322 31660462.811229173 -0.021812579311993565 -0.7907074310492557 0.6118055000302338 64999.85555650724 
073 11804.19238273789 -413.0497897061705 649.6133851297529 33279926.044931706 -26.215740103772568 9564.150459251294 6961.171181301132 31660462.811229173 -0.021812579311993565 -0.5528255916002276 0.8330114504948994 64999.85555650724 
077 11804.19238273789 -212.11309696297627 740.0106168243963 33279926.044931706 -26.215740103772568 11144.307922246897 3966.7718811042264 31660462.811229173 -0.021812579311993565 -0.29421187833036083 0.9554912778424923 64999.85555650724 
081 11804.19238273789 23.565699188112607 769.449372433186 33279926.044931706 -26.215740103772568 11823.108551138754 380.7655585315214 31660462.811229173 -0.021812579311993565 0.011061092765414221 0.9997008870710242 64999.85555650724 
